-0.566406 1.03125 0.3125
-1.16797 -0.109375 -0.03125
0.269531 1.08984 -0.453125
-0.882812 -1.66406 0.679688
-0.957031 -0.0507812 -0.640625
0.125 0.9375 0.859375
0.214844 0.925781 0.867188
0.117188 0.800781 -0.304688
-1.85547 0.046875 -0.71875
-0.3125 1.21484 -0.3125
-0.285156 -1.375 0.484375
-1.72656 -1.86719 -0.710938
1.27344 -0.015625 0.617188
-0.324219 -1.8125 0.125
0.964844 -1.39844 0.273438
-0.445312 0.40625 0.617188
2.18359 0.394531 0.296875
-0.242188 -0.65625 -0.765625
0.4375 -0.363281 0.773438
0.121094 0.53125 -0.890625
-1.16797 0.945312 -0.0703125
0.339844 0.960938 0.140625
0.625 0.421875 0.273438
-0.703125 1 -0.265625
-0.675781 -0.949219 -0.546875
-0.867188 1.06641 -0.265625
-1.51953 -0.578125 -0.273438
-0.578125 1.27344 -0.453125
1.23047 0.136719 0.320312
-0.167969 0.09375 -0.28125
0.222656 -1.08984 -0.359375
0.117188 -1.50781 -0.679688
-1.01562 0.214844 -0.78125
-0.890625 0.00390625 0.203125
-0.578125 -0.878906 -0.640625
0.230469 -0.796875 0.796875
0.332031 0.179688 -0.40625
1.35938 -0.320312 0.609375
1.125 -0.257812 0.398438
-0.160156 -0.285156 -0.398438
-0.414062 0.152344 0.140625
-0.300781 -0.289062 0.296875
0.308594 -1.10938 0.40625
-0.15625 0.273438 0.515625
-2.10547 -0.355469 0.703125
-0.410156 -0.464844 -0.554688
1.42188 -1.46094 0.398438
-0.816406 0.367188 0.046875
0.546875 0.0546875 0.539062
-0.929688 0.367188 0.148438
-0.65625 0.316406 0.273438
0.0351562 0.734375 -0.0234375
-2.75391 1.08594 0.429688
0.0351562 -1.62891 0.664062
-1.18359 0.921875 0.226562
0.589844 0.472656 -0.414062
-1.51172 -0.132812 0.5
0.773438 -0.0195312 -0.03125
-0.78125 1.42578 0.210938
-1.12109 -1.26562 -0.710938
0.222656 -1.45312 0.257812
0.6875 -1.34375 0.335938
0.746094 -0.0898438 -0.570312
1.03516 2.05469 0.195312
-0.160156 0.0078125 0.476562
-1.62891 1.23047 -0.179688
-2.23047 -0.125 -0.570312
0.320312 -0.589844 0.828125
0.0898438 0.699219 -0.265625
-0.132812 -2.03516 -0.1875
0.0351562 -1.0625 0.132812
-0.835938 0.09375 -0.726562
0.152344 -0.015625 0.328125
-1.97656 -0.15625 0.859375
0.3125 0.933594 -0.414062
0.339844 -0.777344 0.867188
-0.078125 1.11328 -0.703125
-0.441406 -0.863281 -0.554688
-0.960938 0.902344 -0.585938
-1.46875 1.04688 0.859375
0.140625 -1.27344 -0.648438
0.0664062 -0.691406 -0.75
0.835938 -1.53125 -0.03125
0.644531 0.34375 0.632812
-0.410156 -0.582031 0.195312
-0.835938 0.472656 0.265625
0.792969 0.527344 -0.351562
0.375 -0.5 0.71875
-0.699219 0.335938 -0.015625
1.35547 -0.421875 0.1875
-0.191406 -0.90625 0.476562
1.33594 -0.460938 0.726562
-0.457031 0.34375 0.773438
-0.390625 -0.132812 -0.492188
1.75 0.878906 0.890625
-0.890625 0.234375 0.328125
-0.621094 0.226562 -0.164062
0.679688 -0.851562 -0.429688
-0.230469 -0.0195312 -0.210938
1.42578 -0.171875 -0.179688
0.671875 -0.789062 0.398438
0.476562 -0.453125 -0.171875
0.785156 -1.03516 0.171875
0.496094 -0.335938 -0.210938
-0.285156 1.38281 0.140625
0.0898438 0.328125 -0.257812
0.835938 0.0234375 -0.75
-0.324219 -0.363281 -0.28125
0.648438 0.851562 -0.421875
0.292969 -2.02734 0.6875
0.5625 0.9375 0.148438
-0.273438 0.0742188 0.507812
0.679688 1.70703 -0.625
0.738281 -0.0429688 0.757812
-0.015625 1.50391 -0.695312
0.730469 -1.64062 -0.796875
-1.44922 -0.476562 0.851562
0.847656 0.140625 -0.242188
0.429688 -0.40625 0.6875
0.464844 1.26172 -0.71875
0.148438 -0.128906 0.109375
0.652344 -0.117188 -0.164062
1.36328 0.0625 0.476562
-0.414062 -0.371094 0.117188
-0.152344 0.140625 -0.351562
2.19141 1.94141 0.25
-0.910156 -0.734375 0.4375
-1.54297 -2.15234 0.585938
